Round 0
|(S 42  4)  6||           0||           0|
|           0||           0||           0|
Round 1
|           5||           0||           0|
|(S 42  4)  6||           0||           0|
Round 2
|           4||           0||           0|
|           5||(S 42  4)  6||           0|
Round 3
|           3||(S 42  4)  6||           0|
|           4||           5||           0|
Round 4
|           2||           5||(S 42  4)  6|
|           3||           4||           0|
Round 5
|           1||           4||           5|
|           2||           3||(S 42  4)  6|
Round 6
|           0||           3||           4|
|(S 42  2)  1||           2||           5|
Round 7
|(S 42  2)  6||           2||           3|
|           0||           1||           4|
Round 8
|           5||           1||           2|
|(S 42  2)  6||           0||           3|
Round 9
|           4||           0||           1|
|           5||(S 42  2)  6||           2|
Round 10
|           3||(S 42  2)  6||           0|
|           4||           5||           1|
Round 11
|           2||           5||(S 42  2)  6|
|           3||           4||           0|
Round 12
|           1||           4||           5|
|           2||           3||(S 42  2)  6|
Round 13
|           0||           3||           4|
|(S 42  0)  1||           2||           5|
